Brodie
21 0.036
8.86950000e-05 2.5545e-013
1.12195000e-04 2.0815e-013
1.41195000e-04 1.9144e-013
1.78195000e-04 1.5920e-013
2.24695000e-04 1.4598e-013
2.82695000e-04 1.3402e-013
3.56195000e-04 1.2712e-013
4.48695000e-04 1.0844e-013
5.65195000e-04 1.0214e-013
7.11695000e-04 9.7184e-014
8.96195000e-04 9.0881e-014
1.12869500e-03 8.4579e-014
1.42119500e-03 7.7776e-014
1.78919500e-03 6.9864e-014
2.25269500e-03 6.6747e-014
2.83619500e-03 5.9365e-014
3.57069500e-03 5.3300e-014
4.49569500e-03 4.8430e-014
5.66019500e-03 4.2199e-014
7.12569500e-03 3.7096e-014
8.84219500e-03 3.5710e-014






















