Brodie
19 0.036
1.31950000e-05 5.7761e-011
1.71950000e-05 7.7154e-012
2.16950000e-05 5.7849e-012
2.76950000e-05 3.9164e-012
3.51950000e-05 3.1502e-012
4.41950000e-05 2.5105e-012
5.56950000e-05 2.2912e-012
7.01950000e-05 1.9210e-012
8.86950000e-05 1.7330e-012
1.12195000e-04 1.5290e-012
1.41195000e-04 1.2258e-012
1.78195000e-04 9.6876e-013
2.24695000e-04 9.0323e-013
2.82695000e-04 8.2181e-013
3.56195000e-04 7.4835e-013
4.48695000e-04 6.2648e-013
5.65195000e-04 6.2901e-013
7.11695000e-04 5.7157e-013
8.96195000e-04 5.1475e-013
